40 40
c 1 1 81055
c 1 2 94911
c 1 3 110591
c 1 4 98980
c 1 5 103130
c 1 6 102628
c 1 7 97314
c 1 8 91421
c 1 9 80977
c 1 10 106537
c 1 11 105379
c 1 12 95763
c 1 13 101093
c 1 14 115185
c 1 15 98959
c 1 16 114575
c 1 17 117146
c 1 18 108393
c 1 19 95723
c 1 20 105439
c 1 21 95504
c 1 22 104150
c 1 23 110962
c 1 24 81150
c 1 25 124326
c 1 26 91843
c 1 27 124560
c 1 28 98522
c 1 29 104485
c 1 30 105216
c 1 31 101485
c 1 32 105256
c 1 33 99176
c 1 34 100111
c 1 35 110269
c 1 36 98827
c 1 37 100504
c 1 38 113422
c 1 39 109996
c 1 40 113636
c 2 1 73293
c 2 2 69093
c 2 3 91629
c 2 4 85913
c 2 5 84883
c 2 6 84559
c 2 7 95047
c 2 8 83517
c 2 9 66384
c 2 10 99712
c 2 11 88387
c 2 12 88964
c 2 13 100054
c 2 14 102779
c 2 15 94246
c 2 16 99715
c 2 17 108496
c 2 18 97280
c 2 19 90141
c 2 20 90322
c 2 21 82034
c 2 22 85979
c 2 23 96657
c 2 24 77735
c 2 25 95921
c 2 26 80460
c 2 27 103421
c 2 28 91243
c 2 29 93573
c 2 30 96273
c 2 31 94874
c 2 32 101383
c 2 33 93318
c 2 34 80165
c 2 35 87910
c 2 36 84269
c 2 37 82096
c 2 38 93541
c 2 39 91655
c 2 40 101486
c 3 1 73213
c 3 2 91407
c 3 3 113528
c 3 4 99131
c 3 5 97278
c 3 6 92712
c 3 7 106024
c 3 8 85283
c 3 9 84608
c 3 10 115028
c 3 11 105220
c 3 12 93584
c 3 13 101085
c 3 14 114991
c 3 15 109959
c 3 16 102397
c 3 17 113126
c 3 18 103119
c 3 19 106186
c 3 20 105186
c 3 21 95389
c 3 22 99769
c 3 23 109343
c 3 24 82867
c 3 25 104398
c 3 26 98187
c 3 27 107963
c 3 28 95811
c 3 29 102637
c 3 30 97125
c 3 31 100241
c 3 32 106419
c 3 33 96070
c 3 34 94713
c 3 35 94361
c 3 36 101512
c 3 37 102093
c 3 38 102175
c 3 39 102364
c 3 40 102869
c 4 1 81932
c 4 2 83696
c 4 3 97754
c 4 4 97130
c 4 5 89924
c 4 6 95664
c 4 7 91610
c 4 8 78428
c 4 9 75558
c 4 10 95336
c 4 11 92627
c 4 12 93046
c 4 13 103220
c 4 14 114466
c 4 15 82692
c 4 16 96547
c 4 17 105129
c 4 18 105390
c 4 19 99630
c 4 20 93143
c 4 21 83322
c 4 22 87786
c 4 23 99835
c 4 24 94570
c 4 25 104561
c 4 26 89031
c 4 27 111338
c 4 28 93087
c 4 29 90765
c 4 30 98223
c 4 31 86903
c 4 32 111057
c 4 33 87976
c 4 34 93101
c 4 35 96702
c 4 36 98995
c 4 37 94970
c 4 38 84615
c 4 39 105315
c 4 40 106472
c 5 1 98807
c 5 2 111122
c 5 3 114026
c 5 4 123078
c 5 5 101270
c 5 6 104902
c 5 7 113028
c 5 8 100143
c 5 9 89553
c 5 10 112340
c 5 11 107204
c 5 12 106413
c 5 13 125501
c 5 14 130580
c 5 15 104141
c 5 16 118002
c 5 17 122549
c 5 18 121503
c 5 19 120725
c 5 20 108933
c 5 21 101826
c 5 22 111990
c 5 23 116948
c 5 24 103958
c 5 25 115843
c 5 26 104016
c 5 27 122457
c 5 28 112400
c 5 29 108666
c 5 30 118893
c 5 31 104317
c 5 32 126354
c 5 33 109198
c 5 34 102465
c 5 35 115689
c 5 36 107841
c 5 37 98323
c 5 38 106435
c 5 39 110000
c 5 40 126662
c 6 1 97976
c 6 2 94743
c 6 3 118742
c 6 4 119786
c 6 5 106063
c 6 6 115676
c 6 7 116381
c 6 8 112956
c 6 9 90929
c 6 10 126693
c 6 11 116531
c 6 12 120300
c 6 13 121373
c 6 14 129535
c 6 15 113863
c 6 16 121895
c 6 17 123510
c 6 18 139037
c 6 19 121105
c 6 20 125314
c 6 21 110050
c 6 22 125597
c 6 23 124068
c 6 24 107991
c 6 25 121528
c 6 26 121307
c 6 27 124148
c 6 28 125504
c 6 29 108679
c 6 30 125206
c 6 31 123449
c 6 32 142292
c 6 33 116698
c 6 34 104134
c 6 35 125253
c 6 36 109179
c 6 37 110089
c 6 38 118618
c 6 39 117413
c 6 40 126041
c 7 1 80846
c 7 2 102700
c 7 3 115587
c 7 4 110478
c 7 5 112392
c 7 6 116944
c 7 7 117564
c 7 8 103415
c 7 9 95203
c 7 10 120597
c 7 11 114214
c 7 12 105882
c 7 13 114715
c 7 14 125782
c 7 15 109783
c 7 16 118987
c 7 17 122216
c 7 18 119967
c 7 19 117320
c 7 20 114704
c 7 21 104141
c 7 22 122496
c 7 23 125545
c 7 24 98485
c 7 25 117820
c 7 26 110939
c 7 27 121483
c 7 28 113858
c 7 29 116783
c 7 30 119606
c 7 31 111192
c 7 32 129655
c 7 33 106625
c 7 34 112353
c 7 35 119531
c 7 36 110300
c 7 37 104691
c 7 38 115067
c 7 39 117272
c 7 40 121620
c 8 1 71953
c 8 2 81473
c 8 3 91911
c 8 4 89844
c 8 5 78928
c 8 6 88441
c 8 7 95119
c 8 8 78791
c 8 9 74737
c 8 10 98586
c 8 11 99404
c 8 12 101855
c 8 13 97107
c 8 14 117478
c 8 15 81176
c 8 16 95840
c 8 17 102013
c 8 18 112462
c 8 19 95455
c 8 20 97339
c 8 21 83462
c 8 22 90414
c 8 23 98494
c 8 24 79264
c 8 25 99879
c 8 26 85730
c 8 27 102243
c 8 28 94313
c 8 29 96601
c 8 30 101157
c 8 31 89012
c 8 32 111916
c 8 33 94771
c 8 34 82801
c 8 35 90816
c 8 36 87493
c 8 37 93097
c 8 38 99480
c 8 39 100166
c 8 40 104828
c 9 1 78582
c 9 2 97932
c 9 3 111298
c 9 4 107361
c 9 5 104569
c 9 6 95877
c 9 7 114376
c 9 8 93461
c 9 9 86497
c 9 10 112479
c 9 11 104922
c 9 12 107503
c 9 13 104499
c 9 14 120908
c 9 15 96434
c 9 16 114874
c 9 17 119627
c 9 18 114110
c 9 19 100409
c 9 20 109444
c 9 21 104766
c 9 22 108043
c 9 23 114829
c 9 24 89444
c 9 25 111052
c 9 26 99415
c 9 27 117114
c 9 28 108875
c 9 29 101523
c 9 30 110047
c 9 31 104479
c 9 32 114471
c 9 33 103555
c 9 34 95475
c 9 35 113675
c 9 36 105921
c 9 37 93625
c 9 38 99706
c 9 39 110299
c 9 40 114115
c 10 1 81052
c 10 2 86144
c 10 3 101267
c 10 4 109402
c 10 5 102509
c 10 6 95673
c 10 7 106478
c 10 8 97193
c 10 9 88600
c 10 10 114230
c 10 11 104731
c 10 12 108681
c 10 13 109512
c 10 14 122549
c 10 15 108911
c 10 16 112316
c 10 17 108045
c 10 18 120828
c 10 19 103984
c 10 20 98405
c 10 21 98370
c 10 22 106555
c 10 23 119162
c 10 24 89632
c 10 25 102488
c 10 26 105016
c 10 27 114866
c 10 28 104011
c 10 29 108721
c 10 30 112384
c 10 31 104588
c 10 32 125602
c 10 33 100377
c 10 34 94756
c 10 35 113157
c 10 36 88435
c 10 37 97427
c 10 38 106529
c 10 39 107152
c 10 40 104184
c 11 1 77026
c 11 2 83637
c 11 3 100484
c 11 4 98428
c 11 5 77536
c 11 6 85503
c 11 7 94577
c 11 8 75131
c 11 9 79566
c 11 10 86454
c 11 11 87422
c 11 12 81533
c 11 13 100911
c 11 14 105483
c 11 15 88650
c 11 16 94096
c 11 17 89811
c 11 18 98459
c 11 19 97665
c 11 20 90237
c 11 21 91895
c 11 22 88247
c 11 23 99923
c 11 24 78393
c 11 25 97292
c 11 26 84425
c 11 27 98411
c 11 28 88774
c 11 29 88582
c 11 30 88505
c 11 31 93810
c 11 32 92838
c 11 33 90173
c 11 34 80162
c 11 35 88481
c 11 36 81010
c 11 37 87967
c 11 38 89954
c 11 39 101074
c 11 40 96275
c 12 1 79709
c 12 2 64828
c 12 3 90161
c 12 4 87802
c 12 5 74378
c 12 6 93385
c 12 7 81601
c 12 8 79184
c 12 9 62919
c 12 10 80738
c 12 11 74194
c 12 12 86151
c 12 13 84459
c 12 14 85645
c 12 15 81476
c 12 16 85944
c 12 17 78858
c 12 18 93120
c 12 19 84426
c 12 20 87415
c 12 21 75553
c 12 22 85021
c 12 23 91751
c 12 24 75783
c 12 25 94554
c 12 26 85952
c 12 27 104325
c 12 28 82349
c 12 29 84157
c 12 30 90749
c 12 31 87219
c 12 32 97869
c 12 33 76307
c 12 34 70015
c 12 35 71703
c 12 36 85023
c 12 37 83240
c 12 38 85740
c 12 39 88791
c 12 40 95938
c 13 1 75948
c 13 2 82216
c 13 3 91245
c 13 4 93360
c 13 5 100708
c 13 6 94846
c 13 7 95023
c 13 8 78376
c 13 9 76641
c 13 10 97506
c 13 11 97153
c 13 12 90003
c 13 13 88137
c 13 14 111621
c 13 15 90368
c 13 16 98736
c 13 17 98690
c 13 18 107975
c 13 19 91148
c 13 20 100737
c 13 21 87767
c 13 22 98057
c 13 23 105136
c 13 24 81373
c 13 25 102612
c 13 26 92708
c 13 27 114992
c 13 28 92751
c 13 29 99046
c 13 30 102333
c 13 31 92304
c 13 32 105718
c 13 33 90447
c 13 34 94375
c 13 35 102004
c 13 36 89901
c 13 37 93977
c 13 38 92471
c 13 39 101336
c 13 40 107082
c 14 1 100092
c 14 2 90046
c 14 3 117015
c 14 4 116146
c 14 5 98157
c 14 6 114910
c 14 7 96857
c 14 8 89528
c 14 9 90184
c 14 10 97081
c 14 11 103464
c 14 12 98827
c 14 13 111716
c 14 14 114214
c 14 15 102331
c 14 16 109277
c 14 17 111973
c 14 18 108957
c 14 19 110544
c 14 20 100735
c 14 21 94780
c 14 22 101057
c 14 23 113787
c 14 24 104916
c 14 25 118222
c 14 26 104418
c 14 27 128979
c 14 28 103771
c 14 29 103907
c 14 30 110148
c 14 31 107034
c 14 32 117505
c 14 33 100025
c 14 34 100799
c 14 35 111288
c 14 36 95196
c 14 37 98900
c 14 38 100246
c 14 39 116535
c 14 40 107092
c 15 1 87477
c 15 2 85466
c 15 3 106970
c 15 4 118768
c 15 5 101425
c 15 6 115309
c 15 7 108782
c 15 8 91607
c 15 9 88309
c 15 10 110937
c 15 11 108609
c 15 12 108382
c 15 13 120578
c 15 14 118874
c 15 15 101761
c 15 16 123340
c 15 17 121418
c 15 18 126608
c 15 19 126093
c 15 20 106102
c 15 21 101737
c 15 22 106215
c 15 23 105662
c 15 24 105989
c 15 25 106542
c 15 26 102027
c 15 27 124049
c 15 28 110961
c 15 29 107279
c 15 30 117582
c 15 31 110170
c 15 32 124259
c 15 33 109196
c 15 34 102919
c 15 35 120054
c 15 36 101140
c 15 37 96326
c 15 38 102126
c 15 39 106706
c 15 40 111830
c 16 1 78896
c 16 2 77263
c 16 3 101100
c 16 4 93214
c 16 5 91795
c 16 6 95443
c 16 7 88546
c 16 8 84351
c 16 9 71900
c 16 10 98827
c 16 11 90790
c 16 12 90955
c 16 13 100404
c 16 14 105513
c 16 15 98928
c 16 16 100472
c 16 17 100741
c 16 18 106582
c 16 19 93358
c 16 20 99188
c 16 21 86957
c 16 22 100080
c 16 23 102077
c 16 24 86155
c 16 25 98781
c 16 26 89758
c 16 27 108566
c 16 28 94226
c 16 29 92381
c 16 30 100104
c 16 31 96181
c 16 32 104268
c 16 33 92097
c 16 34 82735
c 16 35 92534
c 16 36 94412
c 16 37 87921
c 16 38 93167
c 16 39 98128
c 16 40 98316
c 17 1 82474
c 17 2 69416
c 17 3 108355
c 17 4 99521
c 17 5 91091
c 17 6 98362
c 17 7 96969
c 17 8 85956
c 17 9 81210
c 17 10 97730
c 17 11 97060
c 17 12 90007
c 17 13 106930
c 17 14 105392
c 17 15 101413
c 17 16 102157
c 17 17 107565
c 17 18 105581
c 17 19 99621
c 17 20 94573
c 17 21 97104
c 17 22 89923
c 17 23 99041
c 17 24 91522
c 17 25 102670
c 17 26 91713
c 17 27 117620
c 17 28 99393
c 17 29 97042
c 17 30 105710
c 17 31 105255
c 17 32 111098
c 17 33 102768
c 17 34 91557
c 17 35 98301
c 17 36 101055
c 17 37 94420
c 17 38 98290
c 17 39 103307
c 17 40 106759
c 18 1 84622
c 18 2 101041
c 18 3 104766
c 18 4 115494
c 18 5 102153
c 18 6 109705
c 18 7 107503
c 18 8 95169
c 18 9 88919
c 18 10 116725
c 18 11 115482
c 18 12 113015
c 18 13 114827
c 18 14 136812
c 18 15 100711
c 18 16 109356
c 18 17 111290
c 18 18 130162
c 18 19 117036
c 18 20 111028
c 18 21 98481
c 18 22 120245
c 18 23 122979
c 18 24 99774
c 18 25 116085
c 18 26 113631
c 18 27 120853
c 18 28 111489
c 18 29 109149
c 18 30 117839
c 18 31 106200
c 18 32 130589
c 18 33 107997
c 18 34 97516
c 18 35 113797
c 18 36 97899
c 18 37 106417
c 18 38 110358
c 18 39 120533
c 18 40 122031
c 19 1 73424
c 19 2 82945
c 19 3 94346
c 19 4 93050
c 19 5 85482
c 19 6 83496
c 19 7 90512
c 19 8 85949
c 19 9 78252
c 19 10 104527
c 19 11 98616
c 19 12 94561
c 19 13 92607
c 19 14 112640
c 19 15 90106
c 19 16 96866
c 19 17 105898
c 19 18 107963
c 19 19 92110
c 19 20 98406
c 19 21 85548
c 19 22 98384
c 19 23 101644
c 19 24 77783
c 19 25 99936
c 19 26 92787
c 19 27 101798
c 19 28 100709
c 19 29 91608
c 19 30 100142
c 19 31 94233
c 19 32 113818
c 19 33 98635
c 19 34 85665
c 19 35 102416
c 19 36 93576
c 19 37 94784
c 19 38 95835
c 19 39 88727
c 19 40 108578
c 20 1 87601
c 20 2 98299
c 20 3 116467
c 20 4 113944
c 20 5 100024
c 20 6 99196
c 20 7 112201
c 20 8 95741
c 20 9 89620
c 20 10 105192
c 20 11 115056
c 20 12 112379
c 20 13 107308
c 20 14 115317
c 20 15 98604
c 20 16 112540
c 20 17 114024
c 20 18 125500
c 20 19 104619
c 20 20 97183
c 20 21 102544
c 20 22 89625
c 20 23 103906
c 20 24 84622
c 20 25 115196
c 20 26 94860
c 20 27 127033
c 20 28 107139
c 20 29 102728
c 20 30 105805
c 20 31 94030
c 20 32 115107
c 20 33 106891
c 20 34 106531
c 20 35 105739
c 20 36 110602
c 20 37 95106
c 20 38 111049
c 20 39 118041
c 20 40 108248
c 21 1 72654
c 21 2 79713
c 21 3 85275
c 21 4 101609
c 21 5 94894
c 21 6 89741
c 21 7 88503
c 21 8 78970
c 21 9 66431
c 21 10 96017
c 21 11 97463
c 21 12 99551
c 21 13 84477
c 21 14 100410
c 21 15 87024
c 21 16 91899
c 21 17 91023
c 21 18 103045
c 21 19 89208
c 21 20 83862
c 21 21 72863
c 21 22 87785
c 21 23 91779
c 21 24 84639
c 21 25 92462
c 21 26 101696
c 21 27 110126
c 21 28 103126
c 21 29 87852
c 21 30 89747
c 21 31 84632
c 21 32 109295
c 21 33 87029
c 21 34 90759
c 21 35 93678
c 21 36 85010
c 21 37 81818
c 21 38 82341
c 21 39 93440
c 21 40 95736
c 22 1 94553
c 22 2 100369
c 22 3 123123
c 22 4 122872
c 22 5 103462
c 22 6 99378
c 22 7 107230
c 22 8 96523
c 22 9 93710
c 22 10 112948
c 22 11 105945
c 22 12 111886
c 22 13 108747
c 22 14 123086
c 22 15 110373
c 22 16 116090
c 22 17 118708
c 22 18 122274
c 22 19 108757
c 22 20 111452
c 22 21 110908
c 22 22 111177
c 22 23 113928
c 22 24 93127
c 22 25 108508
c 22 26 105532
c 22 27 120208
c 22 28 109133
c 22 29 110343
c 22 30 103699
c 22 31 102273
c 22 32 116078
c 22 33 108364
c 22 34 95353
c 22 35 109409
c 22 36 112734
c 22 37 103376
c 22 38 110539
c 22 39 117632
c 22 40 110604
c 23 1 79156
c 23 2 81770
c 23 3 100315
c 23 4 102318
c 23 5 98911
c 23 6 102526
c 23 7 88452
c 23 8 84054
c 23 9 66574
c 23 10 99330
c 23 11 91428
c 23 12 100891
c 23 13 100587
c 23 14 100045
c 23 15 94960
c 23 16 105337
c 23 17 107803
c 23 18 120974
c 23 19 96020
c 23 20 101319
c 23 21 81981
c 23 22 95507
c 23 23 100748
c 23 24 100310
c 23 25 104806
c 23 26 96606
c 23 27 115471
c 23 28 98052
c 23 29 92924
c 23 30 105368
c 23 31 89656
c 23 32 112201
c 23 33 90555
c 23 34 92310
c 23 35 97754
c 23 36 97203
c 23 37 95089
c 23 38 96069
c 23 39 104556
c 23 40 100169
c 24 1 83900
c 24 2 89884
c 24 3 103322
c 24 4 110000
c 24 5 83693
c 24 6 96998
c 24 7 103421
c 24 8 90424
c 24 9 86736
c 24 10 108215
c 24 11 105324
c 24 12 110622
c 24 13 107236
c 24 14 128477
c 24 15 96544
c 24 16 99760
c 24 17 108421
c 24 18 121331
c 24 19 116884
c 24 20 111324
c 24 21 97788
c 24 22 105936
c 24 23 107545
c 24 24 93629
c 24 25 103243
c 24 26 102242
c 24 27 114495
c 24 28 106265
c 24 29 96963
c 24 30 107490
c 24 31 100430
c 24 32 120541
c 24 33 110039
c 24 34 92759
c 24 35 100709
c 24 36 103658
c 24 37 102240
c 24 38 97887
c 24 39 105357
c 24 40 118256
c 25 1 62755
c 25 2 74289
c 25 3 78473
c 25 4 73597
c 25 5 80519
c 25 6 75265
c 25 7 83729
c 25 8 67389
c 25 9 62093
c 25 10 78976
c 25 11 80296
c 25 12 66455
c 25 13 82042
c 25 14 93018
c 25 15 80346
c 25 16 89820
c 25 17 87988
c 25 18 88157
c 25 19 75547
c 25 20 81982
c 25 21 72475
c 25 22 76225
c 25 23 88420
c 25 24 68567
c 25 25 81845
c 25 26 74997
c 25 27 86319
c 25 28 88070
c 25 29 79173
c 25 30 86908
c 25 31 79552
c 25 32 88584
c 25 33 72342
c 25 34 80251
c 25 35 84909
c 25 36 68782
c 25 37 71315
c 25 38 78892
c 25 39 75524
c 25 40 80913
c 26 1 77646
c 26 2 77014
c 26 3 94425
c 26 4 93121
c 26 5 81546
c 26 6 98182
c 26 7 97191
c 26 8 85324
c 26 9 77364
c 26 10 91804
c 26 11 86250
c 26 12 99824
c 26 13 101403
c 26 14 101189
c 26 15 81203
c 26 16 98658
c 26 17 102741
c 26 18 104659
c 26 19 98880
c 26 20 91387
c 26 21 82806
c 26 22 93880
c 26 23 98146
c 26 24 86345
c 26 25 98277
c 26 26 83909
c 26 27 108796
c 26 28 95316
c 26 29 92903
c 26 30 108348
c 26 31 87660
c 26 32 108730
c 26 33 85649
c 26 34 85888
c 26 35 95533
c 26 36 90770
c 26 37 82074
c 26 38 79863
c 26 39 98908
c 26 40 103379
c 27 1 79192
c 27 2 78114
c 27 3 102155
c 27 4 94304
c 27 5 84443
c 27 6 91911
c 27 7 91618
c 27 8 85936
c 27 9 79044
c 27 10 94812
c 27 11 98082
c 27 12 94263
c 27 13 105721
c 27 14 108062
c 27 15 91094
c 27 16 99896
c 27 17 100021
c 27 18 109157
c 27 19 93341
c 27 20 90611
c 27 21 94507
c 27 22 91214
c 27 23 103197
c 27 24 80688
c 27 25 101097
c 27 26 89162
c 27 27 104874
c 27 28 93862
c 27 29 103487
c 27 30 103994
c 27 31 96570
c 27 32 112429
c 27 33 97400
c 27 34 82974
c 27 35 96533
c 27 36 79611
c 27 37 90550
c 27 38 94552
c 27 39 96770
c 27 40 100105
c 28 1 98018
c 28 2 84241
c 28 3 105681
c 28 4 106935
c 28 5 91506
c 28 6 97726
c 28 7 103091
c 28 8 93525
c 28 9 79739
c 28 10 101255
c 28 11 85653
c 28 12 92872
c 28 13 115269
c 28 14 116766
c 28 15 98593
c 28 16 112126
c 28 17 105836
c 28 18 112934
c 28 19 103139
c 28 20 98163
c 28 21 105545
c 28 22 100480
c 28 23 113726
c 28 24 103805
c 28 25 106095
c 28 26 104414
c 28 27 104273
c 28 28 114854
c 28 29 93733
c 28 30 107912
c 28 31 102561
c 28 32 132647
c 28 33 94697
c 28 34 89360
c 28 35 114642
c 28 36 94353
c 28 37 91799
c 28 38 104962
c 28 39 107087
c 28 40 99380
c 29 1 83748
c 29 2 84692
c 29 3 108239
c 29 4 117986
c 29 5 104506
c 29 6 107037
c 29 7 113233
c 29 8 95871
c 29 9 93053
c 29 10 118618
c 29 11 112534
c 29 12 113368
c 29 13 117822
c 29 14 129495
c 29 15 106871
c 29 16 123498
c 29 17 123496
c 29 18 123672
c 29 19 117798
c 29 20 105739
c 29 21 102774
c 29 22 109264
c 29 23 117453
c 29 24 98618
c 29 25 120133
c 29 26 108357
c 29 27 128404
c 29 28 116557
c 29 29 104797
c 29 30 121396
c 29 31 110700
c 29 32 134147
c 29 33 110700
c 29 34 107664
c 29 35 122682
c 29 36 112913
c 29 37 102808
c 29 38 108108
c 29 39 116239
c 29 40 120765
c 30 1 90286
c 30 2 91928
c 30 3 105985
c 30 4 112245
c 30 5 95387
c 30 6 90093
c 30 7 102086
c 30 8 93440
c 30 9 80308
c 30 10 111371
c 30 11 100910
c 30 12 107779
c 30 13 111709
c 30 14 125466
c 30 15 106444
c 30 16 110974
c 30 17 118826
c 30 18 125405
c 30 19 111759
c 30 20 107598
c 30 21 99981
c 30 22 100881
c 30 23 109089
c 30 24 98371
c 30 25 107227
c 30 26 98983
c 30 27 115154
c 30 28 102241
c 30 29 99946
c 30 30 115023
c 30 31 105747
c 30 32 116929
c 30 33 101761
c 30 34 82529
c 30 35 103007
c 30 36 103651
c 30 37 104720
c 30 38 103508
c 30 39 102628
c 30 40 117800
c 31 1 84604
c 31 2 87991
c 31 3 98629
c 31 4 91554
c 31 5 79500
c 31 6 81072
c 31 7 96347
c 31 8 85351
c 31 9 73883
c 31 10 91553
c 31 11 94902
c 31 12 83962
c 31 13 95723
c 31 14 109112
c 31 15 90323
c 31 16 93902
c 31 17 100854
c 31 18 103020
c 31 19 93446
c 31 20 93298
c 31 21 86263
c 31 22 92655
c 31 23 95224
c 31 24 81989
c 31 25 99523
c 31 26 85668
c 31 27 99562
c 31 28 95589
c 31 29 83399
c 31 30 91913
c 31 31 93991
c 31 32 95883
c 31 33 87006
c 31 34 78447
c 31 35 94590
c 31 36 91385
c 31 37 90690
c 31 38 95110
c 31 39 93680
c 31 40 102567
c 32 1 85418
c 32 2 85389
c 32 3 110042
c 32 4 102572
c 32 5 97179
c 32 6 102190
c 32 7 93162
c 32 8 90625
c 32 9 86016
c 32 10 105404
c 32 11 97838
c 32 12 102646
c 32 13 116503
c 32 14 118313
c 32 15 98726
c 32 16 107416
c 32 17 109334
c 32 18 118803
c 32 19 97511
c 32 20 102741
c 32 21 96347
c 32 22 103404
c 32 23 113388
c 32 24 96324
c 32 25 110378
c 32 26 99611
c 32 27 121292
c 32 28 104106
c 32 29 93477
c 32 30 118499
c 32 31 97333
c 32 32 121547
c 32 33 98667
c 32 34 102362
c 32 35 114792
c 32 36 96927
c 32 37 92506
c 32 38 93511
c 32 39 116154
c 32 40 114113
c 33 1 86310
c 33 2 80455
c 33 3 91701
c 33 4 96174
c 33 5 88973
c 33 6 95968
c 33 7 97494
c 33 8 82927
c 33 9 77956
c 33 10 93193
c 33 11 98425
c 33 12 89720
c 33 13 96772
c 33 14 115354
c 33 15 93863
c 33 16 92566
c 33 17 95227
c 33 18 110789
c 33 19 107333
c 33 20 93755
c 33 21 87278
c 33 22 95553
c 33 23 106825
c 33 24 92854
c 33 25 98740
c 33 26 97307
c 33 27 107130
c 33 28 96513
c 33 29 90808
c 33 30 97396
c 33 31 99858
c 33 32 117733
c 33 33 87839
c 33 34 85507
c 33 35 97302
c 33 36 88125
c 33 37 95527
c 33 38 100527
c 33 39 103216
c 33 40 92005
c 34 1 88754
c 34 2 100183
c 34 3 116596
c 34 4 107569
c 34 5 90924
c 34 6 113295
c 34 7 99538
c 34 8 91519
c 34 9 93185
c 34 10 107591
c 34 11 109859
c 34 12 110390
c 34 13 120984
c 34 14 129170
c 34 15 93529
c 34 16 109177
c 34 17 113988
c 34 18 127026
c 34 19 119072
c 34 20 109310
c 34 21 106534
c 34 22 99917
c 34 23 115536
c 34 24 98209
c 34 25 116923
c 34 26 105074
c 34 27 126037
c 34 28 112581
c 34 29 111702
c 34 30 120894
c 34 31 102747
c 34 32 122095
c 34 33 103362
c 34 34 98510
c 34 35 106540
c 34 36 98008
c 34 37 103009
c 34 38 108285
c 34 39 129288
c 34 40 119314
c 35 1 71177
c 35 2 92108
c 35 3 102545
c 35 4 101160
c 35 5 93147
c 35 6 88514
c 35 7 103154
c 35 8 79544
c 35 9 86977
c 35 10 106701
c 35 11 96026
c 35 12 95370
c 35 13 97041
c 35 14 110354
c 35 15 94181
c 35 16 110151
c 35 17 112066
c 35 18 106920
c 35 19 98296
c 35 20 104362
c 35 21 97825
c 35 22 95244
c 35 23 104402
c 35 24 86847
c 35 25 97681
c 35 26 95042
c 35 27 110518
c 35 28 99940
c 35 29 86072
c 35 30 93817
c 35 31 93439
c 35 32 101007
c 35 33 92477
c 35 34 89606
c 35 35 94804
c 35 36 96769
c 35 37 86921
c 35 38 100300
c 35 39 98634
c 35 40 105253
c 36 1 88822
c 36 2 80417
c 36 3 98228
c 36 4 97313
c 36 5 84412
c 36 6 89524
c 36 7 104435
c 36 8 85315
c 36 9 68989
c 36 10 103680
c 36 11 93766
c 36 12 102647
c 36 13 113235
c 36 14 122315
c 36 15 105531
c 36 16 99002
c 36 17 103101
c 36 18 119270
c 36 19 105735
c 36 20 89929
c 36 21 89254
c 36 22 94111
c 36 23 110918
c 36 24 90231
c 36 25 101763
c 36 26 91592
c 36 27 115593
c 36 28 97473
c 36 29 98134
c 36 30 102798
c 36 31 89990
c 36 32 122706
c 36 33 98043
c 36 34 92948
c 36 35 101391
c 36 36 88311
c 36 37 102615
c 36 38 103918
c 36 39 108063
c 36 40 101519
c 37 1 76484
c 37 2 81748
c 37 3 101473
c 37 4 91969
c 37 5 103672
c 37 6 95593
c 37 7 93545
c 37 8 80810
c 37 9 77596
c 37 10 94848
c 37 11 95913
c 37 12 83485
c 37 13 97808
c 37 14 101340
c 37 15 99703
c 37 16 98813
c 37 17 104577
c 37 18 99241
c 37 19 87554
c 37 20 104370
c 37 21 86613
c 37 22 90359
c 37 23 98395
c 37 24 87071
c 37 25 102489
c 37 26 94765
c 37 27 108328
c 37 28 91411
c 37 29 91405
c 37 30 99585
c 37 31 101676
c 37 32 106559
c 37 33 81656
c 37 34 91291
c 37 35 95179
c 37 36 84497
c 37 37 82083
c 37 38 98732
c 37 39 97346
c 37 40 95831
c 38 1 67703
c 38 2 63832
c 38 3 79963
c 38 4 76125
c 38 5 67670
c 38 6 79833
c 38 7 79607
c 38 8 63371
c 38 9 71096
c 38 10 84096
c 38 11 81563
c 38 12 77429
c 38 13 81241
c 38 14 94086
c 38 15 77698
c 38 16 84288
c 38 17 90013
c 38 18 88256
c 38 19 87644
c 38 20 81776
c 38 21 76342
c 38 22 81080
c 38 23 87043
c 38 24 69384
c 38 25 82952
c 38 26 75599
c 38 27 90016
c 38 28 73225
c 38 29 82619
c 38 30 85805
c 38 31 74733
c 38 32 96010
c 38 33 82053
c 38 34 72563
c 38 35 79237
c 38 36 71839
c 38 37 78929
c 38 38 81397
c 38 39 82243
c 38 40 83963
c 39 1 77051
c 39 2 78293
c 39 3 90602
c 39 4 92164
c 39 5 86760
c 39 6 80517
c 39 7 93635
c 39 8 69482
c 39 9 67792
c 39 10 98831
c 39 11 85176
c 39 12 92041
c 39 13 99569
c 39 14 114260
c 39 15 95100
c 39 16 98088
c 39 17 99619
c 39 18 104487
c 39 19 91345
c 39 20 89467
c 39 21 83630
c 39 22 94804
c 39 23 107498
c 39 24 88321
c 39 25 88427
c 39 26 84908
c 39 27 102898
c 39 28 92961
c 39 29 86420
c 39 30 89049
c 39 31 82613
c 39 32 105109
c 39 33 88533
c 39 34 78698
c 39 35 87640
c 39 36 76239
c 39 37 88558
c 39 38 90108
c 39 39 91016
c 39 40 93924
c 40 1 95414
c 40 2 78221
c 40 3 100604
c 40 4 100377
c 40 5 75291
c 40 6 96741
c 40 7 92381
c 40 8 89143
c 40 9 80346
c 40 10 91988
c 40 11 92562
c 40 12 97372
c 40 13 101548
c 40 14 106417
c 40 15 91857
c 40 16 95065
c 40 17 98025
c 40 18 106151
c 40 19 109919
c 40 20 96655
c 40 21 90672
c 40 22 96684
c 40 23 104413
c 40 24 90044
c 40 25 103230
c 40 26 95465
c 40 27 112977
c 40 28 95269
c 40 29 90342
c 40 30 101664
c 40 31 98853
c 40 32 110139
c 40 33 88074
c 40 34 81881
c 40 35 93860
c 40 36 88316
c 40 37 98401
c 40 38 85289
c 40 39 99973
c 40 40 107137
9